3.0949046822326133E44;
8.483694239240799E46;
3.098063262939066E45;
8.366501319814063E46;
2.792181859307943E46;
1.5082125468213137E46;
6.975416942600842E46;
5.179608991866996E46;
2.440321132416599E46;
7.990051252745855E46;
8.418225044932124E46;
9.86945792992166E46;
6.303660372302437E46;
8.528521230651548E46;
3.793883347257613E46;
3.7869133409266145E46;
2.4962906216353154E46;
1.7345225514149332E46;
9.873130421523641E46;
1.4558801989682702E46;
4.580821657748034E46;
4.653258664030825E46;
7.243402964466456E46;
8.193594061260869E46;
6.954683772301634E46;
7.71630648178895E46;
5.153798965263661E46;
6.904887785602089E46;
6.301167494231464E45;
7.870190864761806E46;
2.2955671881143413E46;
7.936846615616635E46;
4.868964800687237E46;
2.6790148692215975E46;
8.945062990932125E46;
3.6244059039607383E46;
3.1119149644638E46;
7.036582817337105E46;
6.218377618343278E46;
1.5890860713649978E26;
1.8078309561903063E26;
2.648839607756486E26;
6.966126677093387E25;
7.972201678217998E26;
8.102349582433509E26;
8.660348809399794E26;
7.378039093381997E26;
3.590517668712177E26;
6.885920519017653E26;
9.698917730921715E26;
7.981413501036994E25;
2.496474114802707E26;
9.429994273932749E26;
5.2003656320916115E26;
3.2308183236566404E26;
3.606731783082273E26;
4.75606517367711E26;
1.1508297364130028E26;
1.4377433303727427E25;
1.9319395898785564E26;
9.858051029418824E25;
2.346887980740544E26;
6.528401359812663E26;
6.497261994137467E26;
7.211531063337815E26;
9.924167912040265E26;
3.3592170380627066E26;
7.287345399194945E26;
6.904766987657773E26;
5.243007217731755E26;
1.2601913591717363E26;
